8
 0.5  0.5  0.5
 0.5  0.5 -0.5
 0.5 -0.5  0.5
 0.5 -0.5 -0.5
-0.5  0.5  0.5
-0.5  0.5 -0.5
-0.5 -0.5  0.5
-0.5 -0.5 -0.5

12
0 1 2
1 2 3
4 5 6
5 6 7
5 1 7
1 7 3
4 0 6
0 6 2
4 0 5
0 5 1
6 2 7
2 7 3

 0.0  0.0 -1.0		 0.0  1.0  0.0		 1.0  0.0  0.0
 0.0  0.0 -1.0		 0.0  1.0  0.0		 1.0  0.0  0.0
 0.0  0.0 -1.0		 0.0  1.0  0.0		 1.0  0.0  0.0 

 0.0  0.0 -1.0		 0.0  1.0  0.0		 1.0  0.0  0.0
 0.0  0.0 -1.0		 0.0  1.0  0.0		 1.0  0.0  0.0
 0.0  0.0 -1.0		 0.0  1.0  0.0		 1.0  0.0  0.0

 0.0  0.0  1.0		 0.0  1.0  0.0 		-1.0  0.0  0.0
 0.0  0.0  1.0		 0.0  1.0  0.0		-1.0  0.0  0.0
 0.0  0.0  1.0		 0.0  1.0  0.0		-1.0  0.0  0.0 

 0.0  0.0  1.0		 0.0  1.0  0.0		-1.0  0.0  0.0
 0.0  0.0  1.0		 0.0  1.0  0.0		-1.0  0.0  0.0
 0.0  0.0  1.0		 0.0  1.0  0.0		-1.0  0.0  0.0 
 
-1.0  0.0  0.0		 0.0  1.0  0.0		 0.0  0.0 -1.0 
-1.0  0.0  0.0		 0.0  1.0  0.0		 0.0  0.0 -1.0 
-1.0  0.0  0.0		 0.0  1.0  0.0		 0.0  0.0 -1.0 

-1.0  0.0  0.0		 0.0  1.0  0.0		 0.0  0.0 -1.0
-1.0  0.0  0.0		 0.0  1.0  0.0		 0.0  0.0 -1.0
-1.0  0.0  0.0		 0.0  1.0  0.0		 0.0  0.0 -1.0 

 1.0  0.0  0.0		 0.0  1.0  0.0		 0.0  0.0  1.0
 1.0  0.0  0.0		 0.0  1.0  0.0		 0.0  0.0  1.0
 1.0  0.0  0.0		 0.0  1.0  0.0		 0.0  0.0  1.0

 1.0  0.0  0.0		 0.0  1.0  0.0		 0.0  0.0  1.0
 1.0  0.0  0.0		 0.0  1.0  0.0		 0.0  0.0  1.0
 1.0  0.0  0.0		 0.0  1.0  0.0		 0.0  0.0  1.0

 1.0  0.0  0.0		 0.0  0.0 -1.0		 0.0  1.0  0.0
 1.0  0.0  0.0		 0.0  0.0 -1.0		 0.0  1.0  0.0
 1.0  0.0  0.0		 0.0  0.0 -1.0		 0.0  1.0  0.0 

 1.0  0.0  0.0		 0.0  0.0 -1.0		 0.0  1.0  0.0
 1.0  0.0  0.0		 0.0  0.0 -1.0		 0.0  1.0  0.0
 1.0  0.0  0.0		 0.0  0.0 -1.0		 0.0  1.0  0.0 

-1.0  0.0  0.0		 0.0  0.0 -1.0		 0.0 -1.0  0.0
-1.0  0.0  0.0		 0.0  0.0 -1.0		 0.0 -1.0  0.0
-1.0  0.0  0.0		 0.0  0.0 -1.0		 0.0 -1.0  0.0 

-1.0  0.0  0.0		 0.0  0.0 -1.0		 0.0 -1.0  0.0
-1.0  0.0  0.0		 0.0  0.0 -1.0		 0.0 -1.0  0.0
-1.0  0.0  0.0		 0.0  0.0 -1.0		 0.0 -1.0  0.0 

0.0 0.0 	1.0 0.0 	0.0 1.0

1.0 0.0 	0.0 1.0 	1.0 1.0

1.0 0.0 	0.0 0.0 	1.0 1.0

0.0 0.0 	1.0 1.0 	0.0 1.0

1.0 0.0 	0.0 0.0 	1.0 1.0

0.0 0.0 	1.0 1.0 	0.0 1.0

0.0 0.0 	1.0 0.0 	0.0 1.0

1.0 0.0 	0.0 1.0 	1.0 1.0

0.0 1.0 	1.0 1.0 	0.0 0.0

1.0 1.0 	0.0 0.0 	1.0 0.0

1.0 1.0 	0.0 1.0 	1.0 0.0

0.0 1.0 	1.0 0.0 	0.0 0.0
